{
 "cells": [
  {
   "cell_type": "code",
   "execution_count": 95,
   "metadata": {},
   "outputs": [],
   "source": [
    "import numpy as np\n",
    "import math"
   ]
  },
  {
   "cell_type": "code",
   "execution_count": 96,
   "metadata": {},
   "outputs": [],
   "source": [
    "def comprimento(w):\n",
    "    w = np.array(w)\n",
    "    norma = sum( [ w.dot(w) ] )\n",
    "    norma = math.sqrt(norma)\n",
    "    return norma\n",
    "    \n",
    "def multiplica(m1, m2):\n",
    "    n = len(m1)\n",
    "    if n != len(m2):\n",
    "        print(\"erro dimensão\")\n",
    "        return None\n",
    "    result = identidade(n)\n",
    "    for i in range(n):\n",
    "        for k in range(n):\n",
    "            somatorio = 0\n",
    "            for j in range(n):\n",
    "                somatorio += m1[i][j] * m2[j][k]\n",
    "            result[i][k] = somatorio\n",
    "    return result\n",
    "\n",
    "def print_matriz(matriz, erro=10**-9):\n",
    "    n = len(matriz)\n",
    "    for i in range(n):\n",
    "        for j in range(n):\n",
    "            numero = float(matriz[i][j])\n",
    "            if numero<=erro:\n",
    "                numero = float(0)\n",
    "            print(\"{:.3}\".format(numero), end=\" \")\n",
    "        print()\n",
    "\n",
    "def identidade(n):\n",
    "    identidade = [[0 for j in range(n)] for i in range(n)]\n",
    "    for i in range(n):\n",
    "        identidade[i][i] = 1\n",
    "    return identidade\n",
    "\n",
    "def Transposta(matriz):\n",
    "    n = len(matriz)\n",
    "    return [ [ matriz[i][j] for i in range(n)] for j in range(n)]\n",
    "\n",
    "A = [\n",
    "    [40, 8, 4, 2, 1],\n",
    "    [8, 30, 12, 6, 2],\n",
    "    [4, 12, 20, 1, 2],\n",
    "    [2, 6, 1, 25, 4],\n",
    "    [1, 2, 2, 4, 5]]\n",
    "teste = [\n",
    "    [1, 2, 3],\n",
    "    [4, 5, 6],\n",
    "    [7, 8, 9]]"
   ]
  },
  {
   "cell_type": "code",
   "execution_count": 97,
   "metadata": {},
   "outputs": [],
   "source": [
    "def matrizHouseholderBaseadaNaCol_iDaMatrizDoPassoAnterior(matriz, i):\n",
    "    n = len(matriz)\n",
    "    I = identidade\n",
    "    w = [aij if index>i else 0 for index,aij in enumerate(matriz[:][i]) ]\n",
    "    comprimento_w = comprimento(w)\n",
    "    \n",
    "    w_ = [0 if index!=i+1 else comprimento_w for index in range(n)]\n",
    "    \n",
    "    N = np.array( w ) - np.array( w_ )\n",
    "    N = N.tolist()\n",
    "    \n",
    "    comprimento_N = comprimento(N)\n",
    "    \n",
    "    n_matriz_espelo = np.array( N ) / np.array( comprimento_N )\n",
    "    \n",
    "    print(\"\\n H vai ser\")\n",
    "    transposta = np.array( [ [i] for i in n_matriz_espelo[:] ] )\n",
    "    h = np.array(identidade(n)) - (2* ( n_matriz_espelo * transposta ))\n",
    "    print( h )\n",
    "    \n",
    "    return h.tolist()"
   ]
  },
  {
   "cell_type": "code",
   "execution_count": 98,
   "metadata": {},
   "outputs": [],
   "source": [
    "def metodoDeHouseholder(matriz_a):\n",
    "    n = len(matriz_a)\n",
    "    H = identidade(n)\n",
    "    velho_a = matriz_a\n",
    "    for i in range(0,n-2):\n",
    "        h = matrizHouseholderBaseadaNaCol_iDaMatrizDoPassoAnterior(velho_a, i)\n",
    "        \n",
    "        h_transposto = Transposta(h)\n",
    "        novo_a = multiplica( h_transposto, velho_a )\n",
    "        novo_a = multiplica( novo_a, h )\n",
    "        \n",
    "        velho_a = novo_a\n",
    "        H = multiplica( H, h )\n",
    "                \n",
    "    return (velho_a, H)"
   ]
  },
  {
   "cell_type": "code",
   "execution_count": 106,
   "metadata": {
    "scrolled": true
   },
   "outputs": [
    {
     "name": "stdout",
     "output_type": "stream",
     "text": [
      "\n",
      " H vai ser\n",
      "[[ 1.          0.          0.          0.          0.        ]\n",
      " [ 0.          0.86772183  0.43386092  0.21693046  0.10846523]\n",
      " [ 0.          0.43386092 -0.42302616 -0.71151308 -0.35575654]\n",
      " [ 0.          0.21693046 -0.71151308  0.64424346 -0.17787827]\n",
      " [ 0.          0.10846523 -0.35575654 -0.17787827  0.91106087]]\n",
      "\n",
      " H vai ser\n",
      "[[ 1.          0.          0.          0.          0.        ]\n",
      " [ 0.          1.          0.          0.          0.        ]\n",
      " [ 0.          0.         -0.89868951 -0.0226937  -0.4379979 ]\n",
      " [ 0.          0.         -0.0226937   0.99972876 -0.00523508]\n",
      " [ 0.          0.         -0.4379979  -0.00523508  0.89896075]]\n",
      "\n",
      " H vai ser\n",
      "[[ 1.          0.          0.          0.          0.        ]\n",
      " [ 0.          1.          0.          0.          0.        ]\n",
      " [ 0.          0.          1.          0.          0.        ]\n",
      " [ 0.          0.          0.          0.73605061  0.67692651]\n",
      " [ 0.          0.          0.          0.67692651 -0.73605061]]\n",
      "\n",
      "1.0\t0\t0\t0\t0\t\n",
      "0\t0.8677218312746247\t0\t0.0885626246780483\t0.20869519263146669\t\n",
      "0\t0.43386091563731227\t0.5521366541916302\t0\t0\t\n",
      "0\t0.21693045781865614\t0.7027193780620753\t0.5870683368972618\t0.338345119632782\t\n",
      "0\t0.10846522890932807\t0\t0.5320576448786749\t0\t\n",
      "\n",
      "40.0\t9.219544457292887\t0\t0\t0\t\n",
      "9.219544457292887\t39.8235294117647\t4.067594955219013\t0\t0\t\n",
      "0\t4.0675949552190165\t15.068724227184614\t6.2913721702892555\t0\t\n",
      "0\t0\t6.2913721702892555\t17.58995928224236\t5.866978789483692\t\n",
      "0\t0\t0\t5.8669787894836904\t7.517787078808332\t\n"
     ]
    }
   ],
   "source": [
    "resultado = metodoDeHouseholder(A)\n",
    "\n",
    "print()\n",
    "for i in resultado[1]:\n",
    "    for j in i:\n",
    "        if j < 10**-3:\n",
    "            print( 0 ,end=\"\\t\")\n",
    "        else:\n",
    "            print( j ,end=\"\\t\")\n",
    "    print()\n",
    "print()\n",
    "\n",
    "resultado = np.array( resultado[0] )\n",
    "for i in resultado:\n",
    "    for j in i:\n",
    "        if j < 10**-3:\n",
    "            print( 0 ,end=\"\\t\")\n",
    "        else:\n",
    "            print( j ,end=\"\\t\")\n",
    "    print()"
   ]
  }
 ],
 "metadata": {
  "kernelspec": {
   "display_name": "Python 3",
   "language": "python",
   "name": "python3"
  },
  "language_info": {
   "codemirror_mode": {
    "name": "ipython",
    "version": 3
   },
   "file_extension": ".py",
   "mimetype": "text/x-python",
   "name": "python",
   "nbconvert_exporter": "python",
   "pygments_lexer": "ipython3",
   "version": "3.7.7"
  }
 },
 "nbformat": 4,
 "nbformat_minor": 4
}
